o1 1509 6.76822e+07 1.71732e+06
o1 2151 6.81596e+07 1.94521e+06
o1 2793 6.84046e+07 1.84717e+06
o1 3443 6.89154e+07 2.05439e+06
o1 4102 6.93144e+07 1.70481e+06
o1 4753 6.87737e+07 1.08149e+06
o1 5028 7.01017e+07 2.22454e+06
o1 5687 6.88557e+07 903675
o1 5962 7.0201e+07 2.22129e+06
o1 6896 7.04808e+07 2.47246e+06
o1 7521 6.88008e+07 736501
o1 7780 7.0195e+07 2.21999e+06
o1 8639 7.02684e+07 2.30352e+06
o1 8964 6.66444e+07 -1.42431e+06
o1 9439 7.04063e+07 1.17358e+06
o1 10090 7.27313e+07 1.95817e+06
o1 10198 7.2842e+07 1.79858e+06
o1 10932 7.46959e+07 2.33593e+06
o1 11224 7.30379e+07 639101
o1 11624 7.40368e+07 1.75657e+06
o1 12291 7.32701e+07 1.9573e+06
o1 12933 7.22708e+07 1.83097e+06
o1 13534 7.15416e+07 1.96831e+06
o1 14151 7.13946e+07 2.4924e+06
o1 14801 7.06375e+07 2.4405e+06
o1 15501 6.95556e+07 1.8672e+06
o1 16335 7.0131e+07 2.98292e+06
o1 17211 6.94943e+07 2.52436e+06
o1 17545 6.49338e+07 -1.63392e+06
o1 18070 7.01584e+07 2.56072e+06
o1 18712 6.99206e+07 1.31431e+06
o1 18895 7.09493e+07 2.24676e+06
o1 19221 6.79458e+07 -904747
o1 19671 7.22146e+07 2.45612e+06
o1 20413 7.26303e+07 2.41284e+06
o1 21089 7.25272e+07 2.15059e+06
o1 21722 7.2225e+07 2.08897e+06
o1 22331 7.22077e+07 2.70891e+06
o1 22940 7.09982e+07 2.82183e+06
o1 23548 6.89162e+07 2.62709e+06
o1 24182 6.64404e+07 2.15341e+06
o1 24683 6.37914e+07 519082
o1 24849 6.49462e+07 1.81086e+06
o1 25525 6.53874e+07 2.14403e+06
o1 26275 6.66869e+07 2.9071e+06
o1 27051 6.62302e+07 1.98227e+06
o1 27835 6.66645e+07 2.02368e+06
o1 28610 6.72117e+07 2.02861e+06
o1 28935 6.43154e+07 -869939
o1 29361 6.74249e+07 1.74008e+06
o1 30070 6.79297e+07 2.02349e+06
o1 30770 6.7841e+07 2.1098e+06
o1 31437 6.73731e+07 2.1475e+06
o1 32079 6.65991e+07 2.37579e+06
o1 32705 6.51375e+07 2.01466e+06
o1 33330 6.4202e+07 2.23527e+06
o1 33989 6.3373e+07 2.02556e+06
o1 34698 6.36732e+07 2.45344e+06
o1 35481 6.43374e+07 2.79179e+06
o1 36315 6.48442e+07 2.84536e+06
o1 37149 6.54097e+07 2.82222e+06
o1 37950 6.58418e+07 2.61347e+06
o1 38734 6.62667e+07 2.64211e+06
o1 39067 6.26632e+07 -761433
o1 39476 6.63278e+07 2.4757e+06
o1 40185 6.61226e+07 2.46627e+06
o1 40835 6.5383e+07 2.14418e+06
o1 41477 6.50373e+07 2.32842e+06
o1 42094 6.44259e+07 2.30718e+06
o1 42720 6.36298e+07 2.27101e+06
o1 43353 6.30173e+07 2.31125e+06
o1 44004 6.24124e+07 2.19902e+06
o1 44721 6.21861e+07 2.06577e+06
o1 45488 6.26556e+07 2.32912e+06
o1 46264 6.29965e+07 2.30222e+06
o1 47006 6.31155e+07 2.25572e+06
o1 47706 6.2452e+07 1.9392e+06
o1 48382 6.17584e+07 1.76311e+06
o1 49049 6.11644e+07 1.79356e+06
o1 49683 6.0416e+07 1.82654e+06
o1 50266 5.92869e+07 1.51145e+06
o1 50867 5.83219e+07 1.44862e+06
o1 51450 5.72854e+07 1.16041e+06
o1 52051 5.66559e+07 1.17795e+06
o1 52660 5.62027e+07 1.10528e+06
o1 53310 5.60658e+07 1.05886e+06
o1 53994 5.61007e+07 1.11368e+06
o1 54719 5.63405e+07 1.18715e+06
o1 55486 5.66997e+07 1.21916e+06
o1 56270 5.73956e+07 1.40481e+06
o1 57079 5.82212e+07 1.54264e+06
o1 57855 5.89589e+07 1.5476e+06
o1 58205 5.67984e+07 -643060
o1 58622 5.94865e+07 1.52172e+06
